55641 7617
35413 6781
34393 7091
33519 6847
34492 6951
35240 7001
36426 6564
97340 7328
33816 6526
32912 6426
37259 6530
55263 7092
34600 6570
32903 6625
92496 6555
33239 6678
35060 6578
38667 6724
35103 6265
37726 6482
42394 6275
88189 6305
35362 6591
37548 6989
37032 6509
35071 6403
58305 6707
35351 6249
97956 6342
39349 6371
98804 6096
47444 6249
36358 5921
40325 6410
37141 5978
85694 6100
38343 6143
45670 6042
46061 5917
38932 6103
39537 5829
47501 6091
86038 6556
38344 5902
38384 5925
57282 6111
37721 7129
37839 5956
39491 6502
38464 6251
84318 5945
35947 5740
38748 6158
37482 5969
36468 6051
42194 5847
38434 5931
84321 5500
40580 5741
39003 5758
38116 5645
37171 5959
42187 5727
39064 5771
82987 5825
37758 5812
38733 5669
40124 5864
40347 5658
40339 5746
39005 5619
84075 9897
39108 5416
41718 5985
39055 5874
39990 5682
40845 5643
39492 6132
81239 5572
41834 5521
40767 5410
39695 6105
40302 5521
40924 5472
40694 5786
81578 5688
41192 5389
41783 5522
40561 5565
41756 5460
40953 5358
41457 5248
82759 7134
40856 5358
41384 5441
41795 5383
42373 5446
42227 5786
43024 5349
82443 5281
43024 5569
43236 5326
43004 5688
43044 5392
43106 5543
43882 5480
82779 5640
42792 5317
45093 5332
45124 5607
45881 5487
45242 5504
44633 5371
44835 5799
84158 5383
44931 5523
46293 5738
45317 5821
45379 5336
46244 5332
47687 5425
85387 5200
45956 5504
45879 5355
46820 5802
47189 5507
46910 5431
48587 5767
85645 5723
46509 5786
46933 5579
47788 5624
47239 5399
47598 5658
47495 5197
86803 5560
48742 5631
47197 5457
48681 5709
48112 5625
47921 5460
48871 5642
88471 5674
53815 5700
48496 5411
48296 5566
48703 5446
50353 5300
50998 5698
89778 5636
49968 5449
50315 5450
50297 5576
50880 5598
50704 5505
51302 5309
90665 5521
51584 5575
51537 5505
51638 5664
51767 5598
51935 5432
52999 5731
92141 5790
52616 5668
52812 5566
53046 5572
52205 5645
52796 5366
53204 5326
93296 5530
53583 5421
53988 5540
53078 5668
54662 5428
54148 5497
54072 5846
55382 5340
93003 5424
54548 5567
55872 5337
55153 5609
55172 5500
55783 5337
56432 7541
94631 5659
55044 5558
55740 5433
56288 5563
55780 5249
58738 5320
56608 5456
97098 5345
58015 5607
58436 5455
57358 5386
58184 5490
57424 5535
57525 5439
97173 5558
58534 5434
58127 5494
59072 5806
59354 5524
59190 5652
59230 5695
98875 5616
59470 5924
58646 5562
59057 5333
59188 5472
60978 5758
60307 5519
99815 5428
60156 5592
60471 5727
60130 5447
61319 5545
61340 5962
61654 5910
101242 5699
62764 5711
62488 5600
63206 5558
62854 5536
62290 5604
63073 5598
103376 5509
62493 5419
63118 5649
63169 5681
64056 5392
62894 5724
64348 5806
102710 5658
64576 5574
65084 5319
64167 5978
64364 5840
65080 5587
64169 5566
65967 5625
104523 5717
66122 5752
66032 5440
65469 5503
66002 5875
66727 5784
66042 5402
106618 5374
66798 5588
66512 5480
66415 5692
66859 5744
66878 5598
69728 5606
106076 5443
67937 5742
67893 5426
67909 5709
68829 5297
68704 5895
68383 5327
108915 5407
67896 5364
67891 5780
69910 5523
69065 5331
69811 5538
68824 5483
108286 5818
69249 5653
70627 5440
70832 5547
71271 5166
70384 5293
70358 5418
109379 5453
71749 5193
72054 5394
72072 5470
71923 5573
71693 5447
72822 5666
110928 5540
77989 5509
73268 5669
76977 4897
74419 5569
74277 5585
72688 5863
111826 5475
73049 5405
73473 5437
73344 5424
73876 5597
74533 5526
75154 5373
114777 5787
75441 5633
75202 5450
75687 5579
75344 5564
76125 5210
76166 5326
75946 5364
115679 5699
76109 5610
78525 5336
78287 5482
77284 5533
77417 5630
77461 5286
116908 5279
77853 5603
77563 5618
77356 5426
77767 5407
79424 5551
78406 5358
117793 5814
78931 5282
77810 5540
76961 5508
78546 5527
79994 5331
78093 5290
118021 5680
78948 5441
79833 5392
81151 5517
80041 5366
79720 5449
79846 5356
118913 5650
80860 5317
81821 5635
81033 5226
81989 5426
81851 5574
80506 5339
120488 5700
80884 5611
81574 5527
82027 5410
81404 5699
82014 5569
82434 5564
122469 5515
81848 5851
82411 5552
83682 5535
85415 5808
83528 5384
83607 5664
122984 5474
83550 5584
85133 5326
83839 5338
85978 5254
84201 5521
85929 5330
124154 5595
86903 5366
85896 5532
85228 5443
85422 5433
86705 5417
86972 7288
86266 5470
125357 5535
86162 5407
85799 5325
87960 5652
87008 5281
86064 5605
87902 5475
125897 5179
88110 5477
87707 5530
86785 5242
87862 5545
88683 5373
88113 5611
128544 5442
88990 5659
88954 5577
87480 5395
88416 5484
89545 5645
89776 5484
127832 5682
89540 5677
91005 5652
90032 5503
90132 5660
92691 5378
91730 5699
129693 5486
91298 5387
90934 5343
90943 5438
92086 5263
92510 5616
91650 5371
130519 5611
91846 5611
91316 5574
92301 5343
91766 5454
91890 5473
92168 5336
131295 5565
94145 5423
93527 5595
92471 5218
93902 6114
92822 5613
94234 5582
132735 5329
95035 5255
94939 5437
151046 7798
100098 5681
94250 5764
95337 5383
134163 5409
95404 5372
95636 5366
95093 5329
95501 5667
95217 5266
95795 5512
95752 5692
134535 5390
95681 5752
96562 5794
97558 5556
99576 5382
97671 5417
97786 5385
136280 5418
98225 5474
97582 5266
98606 5562
98237 5585
98509 5489
98173 5552
138713 5331
100525 5280
99614 5312
98750 5584
101454 5486
98503 5475
101626 5751
138786 5628
100811 5430
101219 5599
101241 5417
100131 5590
100264 5619
99967 5474
140154 5844
101127 5274
100159 5177
100633 5605
102855 5258
102467 5423
102753 5108
141472 5372
102642 5396
102717 5522
103169 5483
102513 5413
102926 5573
102696 5873
141306 5837
103392 5369
102449 5096
103172 5165
104331 5424
103764 5374
104388 5568
143610 5595
104615 5440
104357 5437
103665 5429
106282 5354
105744 5628
106323 5472
144350 5364
105298 5543
104600 5308
105198 5610
106975 5159
106860 5750
105948 5644
106971 5615
145236 5303
107057 5233
108371 5470
107076 5508
107437 5390
107192 5732
107560 5196
145615 5555
106936 5254
107250 5440
109121 5578
109010 5464
108635 5361
114414 5528
148078 5483
108625 5284
109060 5445
109383 5478
116818 5590
108594 5655
109412 5187
148766 5205
108965 5501
110807 5392
110835 5322
109113 5416
114008 5584
111410 5350
148808 5820
111627 5408
110992 5289
110701 5282
112316 5531
112323 5573
111703 5602
150701 5523
112395 5355
111691 5393
112157 5340
112611 5422
113651 5385
113171 5694
152809 5384
112534 5555
113722 5616
113956 5346
114335 5480
115618 5241
113968 5391
153934 5447
115782 5389
114536 5326
116298 5568
116449 5214
119139 5417
113821 5428
153549 5556
121625 5326
116244 5664
116337 5629
119742 5436
116607 5305
117394 5423
115333 5232
155957 5302
116707 5880
116889 5480
117790 5528
117872 5330
116586 5489
117490 5332
156072 5332
117869 5214
117563 5418
118397 5607
118397 5275
119173 5559
129900 5537
157101 5711
118070 5562
118890 5341
119688 5360
120505 5207
119256 5513
119990 5466
157708 5573
122000 5714
121476 5471
122222 5381
120359 5282
119088 5478
121869 5305
159593 5510
122673 5422
121575 5082
120979 5434
121716 5253
120967 5288
121537 5561
160863 5368
124264 5334
129948 5290
121938 5430
122232 5465
122707 5440
122657 5472
162251 5605
124233 5359
122956 5408
124608 5049
123792 5565
124076 5333
124230 5326
162143 5262
123743 5451
124852 5237
124472 5605
124723 5544
125715 5727
126171 5241
164368 5596
125890 5653
125284 5653
126436 5384
129627 5463
126758 5501
125778 5483
125360 5253
166994 5750
125803 5346
127169 5488
127312 5331
127510 5613
127786 5519
127898 5466
166796 5419
128266 5426
127570 5519
127670 5332
129155 5444
129570 5632
128628 5618
168416 5561
129198 5342
128571 5447
127349 5498
128844 5525
129529 5513
127814 5459
168111 5416
131262 5347
130584 5428
130099 5615
129403 5510
129462 5197
130433 5302
170449 5494
131766 5334
132028 5407
131395 5391
130521 5336
132848 5564
131792 5605
170856 5602
130550 5702
132881 5616
131320 5650
132703 5361
131746 5577
133420 5624
172186 5422
134132 5544
133017 5421
131774 5707
134552 5235
132470 5412
134595 5432
178998 5445
135665 5394
133222 5418
133990 5576
134533 5231
134986 5339
138157 5276
173343 5465
135520 5422
135492 5413
135366 5455
136212 5566
135718 5235
137040 5440
135673 5459
174018 5512
136375 5621
137126 5434
136533 5436
138593 5664
136678 5331
138559 5558
176545 5402
137842 5294
137904 5203
136708 5385
138323 5542
138684 5239
138228 5400
177412 5471
140575 5657
139903 5749
138449 5537
138638 5530
139046 5416
140972 5462
178996 5522
141347 5341
141576 5373
140554 5499
139793 5704
139566 5519
139978 5731
180003 5474
140995 5366
140124 5539
140063 5376
141914 5430
144032 5375
140539 5461
182106 5424
142155 5471
143586 5382
143022 5328
141419 5333
144497 5435
143843 5331
183853 5873
143413 5403
142858 5346
143684 5413
143327 5375
143351 5520
144275 5607
182321 5608
142921 6084
144126 5418
145919 5833
143434 5742
146260 5350
146939 5469
193138 5636
145849 5974
146850 5551
146077 5582
149148 5552
146013 5461
146679 5735
147193 5488
187890 5479
147395 6073
148861 5495
155282 5579
147052 5640
149674 5658
148339 5847
188923 5547
147275 5393
147062 5845
148554 5672
148817 5575
149351 5354
148700 5703
188846 5511
148627 5603
149525 5599
149762 5475
148165 5428
148186 5641
150723 5704
191913 5539
152284 5526
153652 5509
151535 5748
151953 5422
150046 5360
149746 5792
193074 5702
151937 5858
151347 5802
151436 6327
150881 5981
153830 5525
151571 5412
192045 5750
152399 5618
154670 6277
153411 5332
153508 5561
153651 5656
152523 5346
193716 5777
153557 5748
153456 5506
151298 5702
153916 6018
153554 6493
154695 5935
194619 5743
157754 5658
160712 5654
154536 5493
154297 5621
155126 5588
159271 5560
196208 5582
165076 5699
155388 5667
157542 5489
155807 5491
156262 5797
156989 5640
155756 6265
196012 5508
157614 5520
156077 5686
157548 5527
157554 5713
158656 5375
157178 5654
197623 5404
158139 6541
157702 5616
157208 5704
159510 5631
159091 5747
158083 5933
199775 5286
159242 5787
159969 5589
159245 5472
160712 5567
161451 5453
161108 6101
199059 5850
161162 5209
162700 5385
160147 5679
160999 5374
160272 5728
163039 5390
200526 5656
162466 5794
162489 5440
161365 5521
161775 5289
161463 5459
162641 5498
200770 5299
162349 5717
162949 5301
161849 5523
162308 5640
164315 5510
165127 5423
202161 5573
162799 5712
162922 5347
164359 5565
163033 5443
163458 5559
164810 5449
204685 5911
164321 5336
165011 5693
165520 5419
166152 5515
165813 5829
167143 5373
211219 6240
166286 5596
164912 5677
165331 5564
165123 5281
166936 5577
164943 6255
166787 5443
206453 5430
166186 5497
167595 5467
168016 5378
169047 5569
167901 5745
170470 5432
207580 5502
169936 5573
168811 5837
168592 5473
168385 5456
169868 5769
169005 5627
209318 5427
170158 5504
170715 5474
170526 5405
170674 5667
170434 5611
170670 6160
209770 5687
169686 5533
171817 5827
170408 5391
171451 5657
169897 5407
165014 5908
162951 5440
161811 5804
163228 5648
921094 5648
1120384 5997
674492 5611
164067 6029
164259 5765
163256 5813
163646 5956
164351 5665
173543 5807
165560 5788
162830 5574
164718 5464
164175 5447
164451 5582
164244 5739
165361 5377
166439 5891
168319 5547
167280 5884
166440 5561
167365 6297
165617 5626
168179 5515
169734 5737
167228 5511
167491 5849
168172 5796
170135 5687
169086 5889
171182 5513
168568 5512
168165 5602
169449 5303
168227 5493
170239 5595
168274 5603
995229 5594
1125766 5721
607071 5797
171934 5985
171277 5950
170652 5807
171441 5703
170644 5784
169878 5724
169973 5866
170205 5373
173845 5552
170983 5678
171589 6222
170178 6287
170529 5792
171686 5970
170688 5702
173780 5608
175576 5863
180769 6413
171100 5718
171481 6135
173553 5784
172557 168671
173925 5588
173786 5554
172668 6410
172214 5365
175490 5406
175476 5525
175141 5718
175364 5746
172948 6414
176600 5869
174226 5711
1065868 5830
1129278 5586
550333 5828
174217 6350
177194 5594
177524 5865
174686 5747
175755 5613
173997 5583
177351 5682
181358 5659
177693 5459
175953 5603
176343 5692
175412 5580
