2444508 160195
1279168 5279847
1591528 3856285
366245 548855
359515 3496142
404911 2480257
340449 2204327
408128 2791329
559352 1877395
322415 2074796
399512 1792556
233533 513133
418693 1127641
1219024 8391553
1226789 2988217
396016 2321894
293942 2696210
337791 1386356
345194 422011
275700 1815155
969613 3315888
285872 574466
971144 3416159
593145 4230550
391189 482230
268944 3305944
337319 1541523
2341615 3302989
1751857 794492
1665460 4155458
484914 2368788
235000 2216006
197958 4209432
357928 469602
1224808 5429459
1163660 2266613
956597 3479180
676975 878779
616768 3531935
333835 490080
432051 1864426
359578 1956641
412072 2362654
292310 2659790
1612017 7734195
455199 225378
326329 2341873
1163420 434800
960827 4724168
1202297 4307302
528623 3117496
677907 490567
319963 719559
290522 1044963
484093 557705
389457 3701813
317019 1720267
313095 1462571
345374 1402733
298715 2438153
405890 3011254
1198750 581110
368951 2694142
387316 408271
286772 2249829
588664 5080983
376076 583582
1653864 8642758
641676 312497
400967 1196290
1343812 1218763
422466 489557
1328595 2539736
381638 464841
651835 1145487
271320 1513004
955281 1885817
1234593 5599406
334410 568523
1039291 1328235
298778 2661757
981794 3656592
380288 502538
616855 747500
1180752 489900
474066 8421728
334494 545363
399756 2655951
657350 306708
1546678 5207547
1327701 219482
365676 211446
423035 875072
347480 1009320
1623491 3337105
377760 570609
1267529 942895
1501477 389087
1238054 2277293
338603 875480
1190709 2584971
3821992 4771974
206024 5365035
551234 122345
314252 104667
235933 1650487
391716 951033
623741 482955
336062 2140686
251728 2231832
337646 2140726
340285 1940964
200575 3193519
527506 551910
634311 1849452
344176 1663110
955915 3743856
617900 4175110
369385 279826
386573 121991
1586523 5530326
2083638 570718
380498 2288924
591220 4136585
355712 2673518
357423 720734
848136 1463528
240567 503419
526050 8412735
551986 6270007
366329 3008766
356226 939031
1976342 6680759
889801 193329
339764 2151640
414695 831074
345176 917961
917565 3199118
392000 374287
973693 7520723
462307 1401282
471496 1911370
1356873 2084172
894391 972358
4100632 2393222
638851 1104986
291123 2055266
309118 903613
860305 517319
995091 3674528
2793225 2006797
396218 2347060
1193127 1047901
1626899 4102619
1127681 217216
408393 2899875
326101 2911379
353225 1201875
1997284 7151863
292388 2066240
346032 1885136
312994 2509266
607395 1346067
1052130 704988
754214 447133
282097 1404236
476874 881515
1719468 1802485
357714 2064512
585860 457254
238432 1109090
280350 1999956
881191 2916896
285549 437601
1560687 339917
339738 2381133
349757 1857083
338760 1467099
867985 205605
360529 771430
319070 817886
439026 324163
301365 980831
484742 923284
907574 2725646
375652 1576201
1319913 1486247
415794 2493662
1098052 601856
879529 11509931
288338 202368
684409 2236309
321616 714713
406650 2514268
292673 1665098
471731 2198762
165987 4522534
345041 2135134
400997 1791377
2157449 4038518
2602580 5367297
1594973 205984
908128 2893786
288477 1012835
815161 2708385
353642 531445
171135 2869710
339646 1934174
1173740 4939402
693014 1051323
502666 2498765
223798 2219896
388342 1731702
412055 718923
349375 1614466
376699 2069886
1080112 3267984
334276 2436233
338943 1415695
345824 2519043
1009805 1920665
375713 2397376
1038805 2329999
610695 2035867
387571 2252003
874438 11190734
340384 1363337
615856 2280340
342206 2017404
490980 4736463
1137969 106448
1615662 4135202
724441 1037112
684901 1057460
484349 239637
703681 273017
648991 1752175
1792431 526607
1824099 1026606
996658 1015072
363500 2698528
343300 333220
249362 1438644
382437 2682962
415261 979117
786943 721639
674188 1018883
351285 2019756
399592 1812629
466482 2367320
293930 603371
1691325 8651395
629408 2007608
554991 1424303
352089 2208833
3761560 4303242
1974203 5881006
1077413 119666
1263415 6163907
901931 4880973
515558 2412474
1649373 630501
298656 2091204
324763 2615009
332552 2077120
1621981 3115983
365225 1540968
320568 1383798
1115640 1270707
782033 854500
1380604 1858029
1252352 3441906
2081549 108826
1110608 212393
398482 4297601
356724 750241
340093 836824
336856 2131923
661624 2958746
414420 1980381
1167208 2197284
1423677 2934199
355839 523104
941780 8492907
414755 210693
484235 188142
394579 1391035
287722 959125
521461 3562266
319013 1017948
815261 3699883
365006 2458483
325168 2296544
356742 1857681
1611763 2982726
576262 2868915
1376610 578243
350374 4005019
327266 588875
1071758 3799370
1959797 3580056
336737 510615
953913 6727418
716723 123537
627435 767893
158801 1625497
358811 713106
313398 829736
220684 915715
274392 742757
874951 444050
832614 473173
440671 595971
892639 7807465
317863 404148
245117 302767
344995 2473016
234652 1457024
696232 862329
1663489 4089426
339266 200055
613972 1657872
1668340 1912758
958431 5934941
312490 587378
1295688 3722274
335749 2097800
676371 1634989
456453 482610
553975 5252920
324742 195109
369127 3591139
371849 518951
573455 4158957
337519 529325
1413895 835729
1555207 644357
1063765 2960609
319780 2314748
1195441 2656017
667046 1179771
2527474 2143293
449183 837695
373581 992517
888022 3077672
335545 384459
359959 3274689
357800 1317839
1260758 4665544
401901 2299630
780187 1589850
366762 2007139
602414 2448188
689008 944480
1621296 5243100
350207 582917
1352773 932837
1371148 446324
1194452 2916714
916277 445052
327833 617647
277285 914567
828459 1524008
335561 1236069
250969 565619
1244513 5385218
696805 219549
1621304 1485835
301636 482231
510758 1714335
256810 1560875
157523 5670378
303699 406841
388261 1837055
355799 1993135
322197 2155383
1012223 1377825
324814 1861682
924921 4417870
611153 1434644
1994387 576520
1291670 5003377
356605 409100
1208818 4645284
1245061 3905851
280515 2017519
549804 966538
525974 2421370
337496 192632
382738 1614443
389761 1971527
529283 659540
376258 3152334
1667884 3801929
346524 555827
978454 3465776
359757 104371
586830 4046192
586275 971936
394928 900589
279594 574431
417261 1019703
380374 764699
890309 4274679
1623790 3907008
344861 1965061
1608299 2689162
355302 482866
410915 2051329
1605527 6908014
466472 141653
292133 2064462
397539 1931577
1297282 1041819
934486 4822880
1618355 5040533
335916 534768
877028 329678
322675 600641
345519 2040652
943304 1477646
339959 2232008
687416 211895
331567 509259
1254880 5501745
404274 593046
395390 3251915
347623 552460
1947436 4091605
285016 511805
942335 3039973
281392 551256
964380 271976
272194 2546514
604354 1811984
754598 406034
913037 4326098
2290520 5798627
1244577 3168478
335993 428322
256854 185590
336087 2103962
359520 2123402
2309970 5174232
4093792 2043140
374214 107434
301269 1446553
344799 2165393
300586 715316
234385 3070870
393814 500685
654904 3068488
943672 2156817
297157 555331
952489 4395966
584419 2322940
316193 1553461
351154 2590367
319411 1242008
673587 558194
968593 2521511
382228 574943
328822 2043222
1235775 2326821
332716 483204
240705 2672588
346596 762726
536617 1856013
797779 1404093
358343 383115
309197 2009862
550541 515131
240319 1397897
301567 509319
925674 924625
900577 7082321
468510 581925
483225 3198443
262918 844192
1001695 1209528
893014 5186276
301126 246158
339678 310081
321907 894403
375386 1005776
317617 2003490
342568 2414593
1252598 2326141
337321 435338
237100 417377
293612 1264557
350226 2056759
437471 1883001
1055136 542324
2275742 4513962
401487 210266
808892 3152226
256696 401922
300182 836778
353817 2516246
426394 1053674
323986 185177
1190930 9542100
333565 504920
966727 3843046
1276288 4099329
1077531 118873
1013491 3482109
306155 438229
710814 1697759
586129 5478321
1612173 2069276
407712 581170
1692402 4208418
386705 491437
488534 2239211
1604538 4155099
938205 925442
458124 1273372
535791 2307865
2027011 3687184
344717 466303
288828 510817
284177 2715538
300104 1006509
900785 4122455
211053 4319974
756221 2131940
2233175 5485040
284968 558986
2696096 4254196
314293 2098507
616180 2235122
1566027 4793586
894174 8940150
1279550 4584739
1219445 5149917
571118 511220
1172583 1587685
281163 190200
355741 888268
1936634 2777848
368185 411234
253847 2319439
1090035 1025005
1280622 1382705
795238 1052390
270804 2580490
732233 511030
1754198 881550
773546 2622393
1667649 823961
342048 2117154
1252310 5791847
326737 193681
350271 527130
878748 3400282
266938 507444
1647645 2338352
992092 4787511
743938 588716
926645 1203626
395939 707059
890103 7386732
657474 4128615
590804 4230622
595367 485497
848585 442332
555288 2705704
362809 432136
263074 2488113
269583 884661
1671288 5424554
372363 437605
813136 597318
340111 2375423
308825 2323557
960321 3120450
310645 537378
1628853 4702096
364082 493389
239369 1064903
701701 2589705
302635 2121031
387876 1628650
741813 2317835
1085407 5431602
388970 2477525
305837 2687618
361414 2354444
724344 2059467
919040 220879
448270 1404161
364305 1272198
1214325 3341141
1661737 633100
431751 2294638
623677 2293847
256834 2603999
1093508 2827916
295177 332432
332392 2019116
320455 1718234
689672 210215
358128 1223805
368095 2576755
320535 435085
654397 809016
279875 2031836
365432 2659655
344862 1951471
429236 1880729
673392 1797969
956853 4631263
596550 4199948
972019 3443221
266515 408363
261339 1534997
400379 1922641
338086 599488
1957935 5728357
976510 3845699
1660378 569959
399842 1696108
1199773 1209296
312262 2010637
694599 355369
1194658 3676172
271722 2663971
287045 2111870
481612 3106582
1721441 609993
1192306 1532801
306235 1496204
964517 7598783
308100 297375
361290 2530519
1239974 2157604
377408 571577
952651 3002311
575349 1918762
324762 2451932
646875 102972
242008 580189
1242556 433116
472951 221144
379051 2391564
1118331 1285407
1305477 3355107
479489 2522974
274099 1991424
1221306 572453
399418 498381
2654635 3775202
377954 1984768
2728735 216762
355398 2116193
1003455 4080037
977359 3569570
340526 501833
1262226 3302498
370486 3555934
373493 1080594
1200619 5714803
628384 2997849
361654 1059297
347097 445424
280257 2185364
339886 2007512
388003 3053686
392030 1585638
904274 7909731
909908 9164740
444809 373176
375576 437336
495803 2355442
330413 2694230
556202 1183912
329809 907331
292669 1553414
1242768 2505174
384764 513407
1224349 374879
282049 1817805
1191736 479808
1592960 5876153
436070 230609
393889 1360804
179720 3739689
269266 574875
1126978 531198
413330 582800
987932 4427381
319602 418043
330887 2658937
402739 457711
625724 669916
921200 4593492
1310045 1933495
1045276 123182
233655 3047086
323058 2147372
1637483 3610356
1711894 4143900
328502 445453
317427 2253929
373395 929686
379858 2624828
325627 1801779
394754 3587966
1389108 553405
374470 1662695
405161 2279506
923235 2968652
1112342 574445
555356 701925
1186593 430076
1328802 559185
2041048 667601
782905 2528903
375729 1425080
411523 1594401
410940 1530906
307684 521719
322980 1056427
1685123 3720891
1667529 3431568
932115 560934
351044 513686
1845412 4082868
342062 482597
704041 701269
316160 856442
762452 1218754
353739 1835699
395322 359861
1260901 5236261
373894 518569
892594 2901082
377966 435000
334744 432674
387548 1980318
421408 882416
2231697 1152091
2357008 2468204
347616 2142292
300969 1861016
346712 1869376
247812 493701
391536 2286717
952461 1698266
385516 1944926
437543 489489
1261122 4335486
327104 477195
463197 3455276
482132 501506
663430 4113063
325592 571348
1284248 3877418
1012744 960827
408022 3097803
327528 529190
534233 939541
379241 515958
1181104 771305
900887 5321698
336625 550100
379005 1846452
612011 3885038
323768 584153
958574 6388286
1457318 845975
364394 2058968
340873 1978079
750571 1567200
499299 5077836
1194858 4092378
240357 599984
950131 3713509
210815 4530730
355872 204442
385702 2382664
382467 829922
683222 582118
540383 4079120
1251783 8389829
326914 583221
374126 908482
345148 448649
242307 2377686
2461746 5427570
464817 120438
216362 1593533
540526 1757824
504322 4008728
286773 492372
1946887 3802342
362516 571674
342780 1882609
352677 1052482
3841328 5508835
675796 206842
344199 1860206
377511 1083195
1176806 451809
374809 545736
1674015 551161
539708 3836800
339140 510513
593043 1908272
391334 1941872
2587663 2174380
1709030 781626
332444 199301
711200 1633849
302400 933284
413921 2565219
279083 189337
344727 1421842
280505 2365031
567673 2883984
303296 1191080
993487 3032437
970426 4117419
256030 521220
437943 1700613
2722885 1996975
375721 2501961
398870 1202794
520774 2510698
1274663 3756881
354604 433636
285144 1090687
900903 5668380
1603437 8827711
333245 2671615
1390957 881313
284257 2620474
327781 944774
271450 794284
1636633 3868319
356056 2088680
1650601 3001275
328886 576367
889103 4111348
356571 214080
1938522 147655
279483 2085223
863253 2308191
329829 1111814
319346 793218
857710 2079826
1598563 1895414
1505090 3837317
390239 419290
302100 1886733
253987 1925291
2267604 2547743
307568 209661
431001 1788267
931704 3671521
361715 577868
1230565 993874
933053 4176235
776567 433232
844265 6354168
343070 512156
1236529 4215869
335401 123621
251851 957301
970484 5384251
375469 1187377
1296451 2187360
315379 545361
1660068 4423503
299016 554297
934704 3071987
343243 405845
308890 639606
377199 3011360
1146664 1152097
363564 2041093
1051229 1368372
823739 1388285
409214 1887348
393798 1982800
1595030 4662752
390336 565590
314671 1899914
1587426 855916
618492 9574617
554799 2395135
1609422 5252120
1113057 414840
259293 2731668
311973 566904
2642185 3923177
1656884 4349058
1210739 1385991
392745 1824554
395661 1961243
221336 2475472
354964 1690050
382107 569292
2337851 3647652
1704597 9908847
514450 1985728
525899 503446
1274747 2010998
347690 506730
365457 1072928
629553 3602306
3209126 5151825
1207131 3918380
350614 2644497
896218 845543
308991 3341194
292480 528895
1236030 3123911
294243 584460
2037721 1080098
2263261 674249
327559 1989778
1018056 1205662
1263705 1691210
362984 1403421
322870 2555283
1193634 213561
659463 1858760
289885 2461572
966389 3885929
1234921 2707259
325741 252520
1207154 5498112
398594 4176996
750362 472389
2270356 5645383
2355258 127756
842776 586815
620094 265613
1251558 4367142
900704 499109
1593350 2593749
1598858 3739485
2638886 121336
869265 7586605
397399 133160
335851 3714911
299214 425339
330421 3520490
286936 2701348
1969790 405154
1495299 608726
365535 509988
263918 1644242
1077205 3600214
333892 273396
655071 1255865
256034 1739112
1632921 2040225
541150 497089
352063 1947166
537443 3362007
1071735 500417
932979 1463051
1352296 669225
362263 2157860
1574823 4517450
895359 201547
363088 888839
601011 1680250
347884 1987217
349828 2018548
425410 946312
831809 828624
382784 705566
1601651 4721161
939337 517242
2015572 5719629
326967 308590
2376924 203773
394764 144076
593765 2319372
320698 2081935
1279572 476622
1281095 4086945
966438 5465328
342494 553185
1142877 987081
266408 1750812
290507 483495
234444 2124058
315945 1056598
856758 4207768
384518 1977852
942885 1339570
679928 1769417
585805 1825219
338056 1794111
