212200
106415
100448
98168
93437
92230
89988
98486
85682
86893
83773
86916
83403
83673
80311
78807
75576
77791
78013
75322
75907
83251
88322
73797
70989
84868
71321
70725
68595
70036
68874
69203
68206
68892
67768
66767
67484
66046
65419
63231
66172
65855
63786
64919
63921
64164
65819
65776
65398
66240
65339
64086
64472
63980
65601
63564
65042
63913
62037
64651
66972
65516
68034
64905
65886
67033
65643
64186
66842
65807
65678
66050
65613
65423
66402
65700
63782
67668
66561
64177
65943
65880
64377
66316
65716
64498
68167
66310
65449
67579
64491
63632
65751
62994
64861
69075
65116
65484
66361
63994
66457
67229
65812
65772
65176
64776
66391
66064
65135
65697
67653
64434
62885
66376
65025
66350
65918
64520
66681
75890
65267
66476
65949
64692
64985
64925
67104
65631
65901
67008
65679
64624
65722
67305
65042
65509
64856
65349
66351
65695
65416
66500
65508
65079
65359
62932
62071
66124
65260
65161
65230
66321
64606
64795
65591
65371
66790
65067
64609
66895
64923
64865
65434
66139
64876
65805
65699
64772
66056
62512
64739
65252
65389
64829
65740
66799
65418
65804
65827
64729
66241
66279
64928
65403
65201
64793
66485
65566
64299
66669
67581
64747
66192
66272
64166
65644
65715
64814
66619
66535
64409
66358
65562
65514
64853
64950
64954
65857
77508
67564
66844
65184
65375
67960
64379
62302
66126
65140
64458
66269
65826
66004
67138
65702
66372
66930
64448
60935
66445
67376
66750
65218
64645
68763
65498
64852
66972
67028
65406
66958
65263
65201
65902
65877
66285
66821
66689
65544
67079
65243
64516
68047
63288
65612
67402
65672
64653
66647
65625
64860
67006
64262
65088
64959
65730
65101
66402
65618
65265
66701
65527
75660
66324
63803
66079
65862
74999
66163
65401
65845
67671
64204
65266
66144
64689
64373
67642
65462
65065
66668
65394
64120
65817
64829
65024
65446
65526
63962
65940
65991
65107
67022
65708
64260
65505
65807
64479
67170
64665
65157
66106
66678
64705
66090
66055
65282
65649
66122
65511
65404
66686
63520
75080
73350
66612
66553
63829
64497
67048
65174
67269
68254
65222
64254
67013
64334
65429
66687
63736
66165
68981
65488
65545
67054
64413
64388
67373
64188
66213
65597
64296
64945
66585
64604
77575
65953
75965
64955
65124
66294
64779
67353
66066
66420
65864
66224
66245
64791
65832
65496
64489
65999
64617
65678
67506
65970
65014
66293
66005
65170
65635
64727
65658
62809
66600
65517
65867
65184
67461
66849
66466
65486
66367
62168
65234
66412
65567
64243
76096
65788
66133
66548
65726
65867
65614
65693
65559
66338
66096
65138
76186
65060
75519
67248
65491
65402
65880
65326
66003
67183
64928
66016
66876
64052
64195
66371
66346
65770
66503
65437
66492
66052
66274
64477
65781
66709
64731
67635
65465
64996
65879
65100
64691
65788
66198
65446
65842
66305
65573
67366
66344
65499
65768
65873
65240
65761
67271
65704
65126
65858
61688
66441
65154
61884
67105
65722
65485
65791
64519
65268
65587
64534
65086
65249
67528
64128
65996
66379
64198
65537
66771
65731
65010
66145
63559
66980
67736
64189
66499
65843
64467
66720
66352
64800
65369
66499
65507
66222
67346
67647
67462
67129
64861
64607
66239
65086
66434
66165
64924
66083
67237
66515
65025
66151
65869
64703
67114
65711
65156
66654
65170
64685
67037
65266
64348
66533
64572
64863
66234
61111
64615
66196
64755
67528
66653
63744
67487
67104
64268
66778
67241
64045
66847
65887
61146
65988
65258
68235
66975
81831
66664
67163
64894
67340
67137
74901
65450
67918
65624
66477
73776
66637
65321
66301
65714
66190
67465
65821
65569
67457
64914
65438
65576
65926
65391
65710
65109
66006
66957
64644
67033
84243
66263
66504
64792
65304
67039
65814
76625
65739
67566
67291
64422
65547
67472
65474
67713
62565
65894
66600
66151
64699
66558
74853
65076
68633
64424
67613
66145
66277
66994
66060
65211
73484
64967
67469
67154
65868
65927
67522
64157
65302
67957
65842
64664
67108
65983
65021
66856
64645
66070
67672
65610
67163
66502
65586
66943
67467
66628
64891
66174
67535
66429
65474
65797
66600
66327
65386
67108
74961
67909
64736
64005
67552
66201
65850
66203
64905
65030
68712
64292
65756
65651
64951
68256
64303
65429
67122
67730
65677
66534
68041
64443
68042
66006
63939
66968
63124
67551
66656
66240
65251
65178
68643
60104
64839
66993
65964
65714
66651
65518
65928
67261
65177
65174
65752
66520
67062
67133
64749
64810
69072
65348
67166
67469
65197
67093
66198
65154
65122
68476
65978
66138
67099
66594
65191
65842
64539
64825
65730
66796
65658
66623
65142
65225
67166
64928
65127
68524
65867
65140
66093
66657
65533
67663
66013
69527
66295
66137
66013
66898
65028
75886
65752
63541
66417
67449
65054
65177
67798
66378
65708
65905
65343
64767
65558
64182
65273
67951
64992
65519
66006
65728
65076
76674
67858
64796
67057
65748
66399
66173
64804
65523
67463
66656
64554
66870
66875
65031
66669
67320
65493
68398
66960
64871
67559
65750
65625
66399
66486
74716
66173
68203
65465
68085
66362
64601
66666
66185
65078
66005
64924
61597
66916
65698
65880
68720
65716
65626
67115
65185
64475
66673
77568
65179
66517
65406
65727
67736
64112
67266
68490
65048
65833
67630
64308
66631
67152
64497
66098
67159
65372
66786
67398
65031
67215
65410
65308
67458
66330
64890
66692
66153
64761
64776
66401
65615
66437
65736
64930
67164
66486
64264
67898
66519
65568
67019
68706
64528
67327
65971
64834
68271
65225
64886
66660
66538
65792
68499
67137
64925
68321
65665
66286
67039
65260
66679
66648
67875
65555
67448
66608
65808
67008
65916
64756
66856
65036
64644
68093
67408
65249
66305
65375
65393
68297
64890
65653
67210
67500
66535
67024
67342
65965
69452
66106
66017
65876
67011
66448
67444
65673
65982
68386
64676
65548
67623
67524
66979
67277
67553
66265
67445
65829
65136
67835
66381
67276
65732
65347
66769
66570
64737
65053
65692
67163
66380
66599
68058
68853
66569
67802
65384
67408
67790
65344
66841
65589
64597
65568
64522
64165
66851
67098
64948
68069
65482
65927
68028
65966
65061
68710
66557
65178
66847
63582
68648
66817
66855
64648
66260
67432
65343
69755
66956
65477
67623
66351
63867
65336
65778
65617
67053
66421
64705
67545
67496
64828
69628
66558
65442
67329
67550
66298
66227
67434
65904
67662
65430
64819
