76258
72543
77064
68817
68805
68521
66073
65376
62388
61117
59765
60242
58336
56645
60281
60691
54045
55615
56677
54636
54065
53622
51819
52930
51362
52182
52607
50392
51797
49475
50142
47647
49936
49264
49305
50007
46559
47035
46853
45882
46854
46507
44741
45050
45896
47229
46700
47816
46654
45302
44498
45410
45306
45441
45144
44705
44397
45377
46175
47157
44976
46752
44515
43710
43604
44480
43196
44287
43497
45119
43388
44033
43797
44058
43664
43810
43952
45288
43002
43908
44161
44203
44514
44498
45365
44783
43701
43046
43457
43739
43843
43676
43492
43484
43431
43474
42713
42992
43829
43987
44596
43608
43332
42691
44018
44312
43883
43906
43808
44562
43417
43049
46584
44560
44599
43597
44186
44510
44067
44717
44606
44550
44904
46330
46525
45684
45958
45674
45398
44200
47183
46487
44287
44430
43149
42848
43983
43707
43140
43476
43543
44344
44339
43968
44043
43390
43945
44036
43609
44598
43365
46767
43540
43456
46056
44824
44453
44179
44523
43724
43689
45646
46335
46084
43854
45485
45237
47159
45915
44492
47153
44444
43686
43851
43869
43863
43800
44319
42871
44895
44204
45502
44548
44153
44526
44524
43932
44068
44469
44318
43853
45335
43885
57922
46954
46166
46118
46108
45913
44325
45904
46346
46629
45515
46459
44039
43050
43100
43165
44328
43609
44079
43234
43297
43414
43744
44159
43023
44324
44183
43299
43885
43682
43856
46223
45200
45557
44883
45988
47312
46835
47081
46348
44738
45339
45355
46480
45648
45473
46860
43868
44015
43556
43375
43391
44152
43939
43277
43999
43514
44575
43434
43420
43595
43732
43697
43729
44014
44467
43358
45162
44301
44641
43785
46243
45179
45000
45157
44725
44782
42773
44315
46986
45711
45430
44145
45736
44011
56567
46174
45404
44715
47036
45961
45385
45120
44353
43578
46245
45469
44235
43471
45797
43674
48159
46747
44617
45139
43226
63884
43712
43490
44587
43758
44213
44662
44187
43372
42856
45796
43400
45440
44654
42581
42773
44033
46176
43454
44680
42052
44390
46262
43590
44709
46584
43713
45325
46034
45522
43389
43463
43066
43315
43206
44195
45104
45021
43420
42717
43265
44931
43847
43729
46011
44073
43356
44345
44600
43713
46333
45113
44584
44863
45123
46937
44867
45090
44073
43573
44563
42675
44464
43880
45207
44333
44970
43702
43971
45730
70100
44077
43416
45525
43133
44564
44835
44634
44025
43477
44487
45987
44476
44713
43736
43619
46464
45481
43412
46126
45776
44203
46579
43941
43472
43203
43972
42872
44044
42792
42923
44522
43228
44232
45258
44369
45248
44370
45105
44878
44764
44595
43756
45719
43741
44629
43185
44203
44988
42375
46840
43747
44880
44241
44800
43408
45675
45226
45492
43531
43838
43882
43533
45433
43660
45275
44427
43881
44627
44335
43423
46231
44620
44036
43843
43502
44471
44077
43305
45129
44621
45651
44196
44524
42840
43935
45375
47069
44896
43586
45805
44695
42645
44561
47102
43941
48707
45285
43597
44598
43415
47614
42681
47132
44312
45538
43812
43936
43878
45823
44428
47114
43303
44836
43884
44732
42781
46252
45220
45116
47252
45187
44362
44040
44635
45204
46297
44798
44620
44366
44040
43551
44501
43197
43913
43685
47895
44690
43833
45276
64708
46066
44370
44566
46870
44743
43958
44204
45432
46858
44991
45559
44060
45770
44151
43528
44754
44427
45709
44861
46318
44793
46524
44703
45206
43919
45373
44223
44808
47315
44326
45365
45887
43487
43783
46485
44101
45686
43537
44817
44295
47431
44333
46880
45324
43556
47437
44649
44306
43956
44885
47739
45938
46242
43947
46948
45387
45997
43859
45704
46102
45051
45702
45005
43784
45869
44451
45015
46943
43494
43867
46632
45619
44153
42944
43717
46200
43489
54081
45011
47038
44997
44523
44791
50284
44894
45910
43998
44798
49650
47036
44971
46554
45025
43914
44628
43755
46251
44445
43552
42314
44316
46804
46273
45402
45287
47504
44154
43455
45894
44163
43248
42397
44873
44123
46765
46040
43554
48468
45867
47043
43488
48874
46081
48162
45631
45391
47433
45597
45604
44200
44814
44510
44234
45457
45640
45627
45287
43590
43970
44285
49166
44894
44720
46692
44284
43502
46022
44995
44078
44977
46770
43556
45111
44686
45463
45346
45791
45224
45266
43552
44458
46765
44836
46396
44426
43401
44784
44657
44973
46678
44258
44124
45721
45141
44485
44392
45201
45996
46289
45565
44973
46044
46201
44423
47201
44153
44626
44301
43173
44192
44433
43598
48729
44432
48355
45084
44459
46995
44565
45743
44160
43312
43431
43971
43134
47585
45601
43884
48367
44787
45596
44271
48226
43576
43408
44844
46063
46242
45451
45832
43581
43658
42610
44066
43064
42859
45834
43551
43341
44335
49079
45564
45855
45487
46138
46687
46617
47791
43681
44239
43177
43160
47375
45779
44197
44294
46750
45841
46490
45085
47000
43592
43387
42874
44944
43904
46424
46923
45450
43586
47432
45388
45253
45217
43428
43652
43303
44994
45012
44749
44466
43075
44200
43951
46359
46519
47743
44979
46164
44306
45475
45423
44801
44052
44672
45668
46126
46676
45329
48378
47189
44085
44266
44472
43434
44200
44220
46051
45839
63467
44148
43980
47030
46129
46638
45734
43166
70106
45388
45149
45603
44898
43770
43755
43702
44314
43383
43696
43654
47084
47739
45381
45283
46187
46264
44420
44438
43135
44451
44279
44964
46300
45391
45632
42815
44720
44367
43875
46049
47842
46991
44650
44038
44183
43935
43198
43944
44017
45714
43620
46802
44802
44995
46531
53391
44088
43232
44680
44788
46522
43469
44018
44125
43313
43269
42735
43264
44157
44691
43709
43380
43907
44954
45194
44071
44165
44200
43733
44174
44174
43169
43980
43671
43800
44038
45467
45104
44422
44202
43309
43754
44457
44178
46328
48299
53783
45837
43925
44247
43251
43009
43501
42871
43494
43312
43868
43206
43186
43575
43498
43507
43206
44223
43636
45450
44772
44818
44513
43278
43549
43546
43518
43110
43178
44078
44106
43275
44165
44188
44046
45557
44567
43821
44363
43544
44870
44058
44314
43398
45707
48724
46385
45818
46464
48076
46630
44468
43119
43656
43618
43410
43326
44105
42942
62801
45488
43185
44880
44101
43926
44865
46993
46101
46814
45317
44419
43873
43217
44049
42880
43361
43428
42881
43894
42923
44168
45528
45376
44074
43573
44342
46416
47622
45706
45687
45621
46465
44975
45192
44200
