999 58798904
999 169903377
999 209277295
999 149491398
999 119598311
999 89695632
999 89698704
999 89698277
999 209299726
999 89692613
999 89703879
999 89691055
999 89699369
999 89700975
999 89696973
999 89697794
999 89698854
999 119596130
999 269101855
999 89691871
999 89702699
999 89692512
999 269101401
999 89692979
999 499090179
999 89696377
999 149498961
999 149496728
999 89696178
999 149500037
999 209291737
999 89697993
999 269100002
999 89697018
999 239192408
999 149497604
999 89693708
999 315105714
999 149494294
999 89693873
999 89693554
999 87400897
999 89694407
999 149499786
999 59800067
999 269098666
999 149495026
999 89692962
999 89703885
999 89691958
999 206995626
999 89700590
999 149493384
999 89700587
999 708389094
999 89692443
999 149505311
999 89692672
999 149497144
999 209297796
999 149495017
999 328894218
999 209296364
999 89696535
999 89697315
999 59801037
999 149492667
999 609497920
999 89689066
999 89703705
999 179391214
999 209295465
999 149501589
999 89695055
999 89698238
999 269095852
999 87400199
999 89695341
999 209296027
999 89695858
999 89695869
999 140299599
999 89699398
999 89697890
999 627887781
999 149496195
999 59798066
999 269092958
999 209295605
999 89700548
999 269095279
999 209294375
999 89696374
999 80502927
999 209291751
999 149500044
999 89694831
999 149495310
999 89700136
999 328894001
999 149493495
999 209297476
999 149497595
999 119600667
999 89694195
999 89699902
999 209291152
999 149501037
999 80507161
999 89718651
999 89666281
999 89698124
999 119601459
999 89694562
999 209299147
999 149499364
999 89693633
999 147196481
999 89697228
999 89701742
999 209289430
999 209297056
999 89702758
999 388689211
999 59800671
999 112696215
999 89697890
999 89697010
999 89696598
999 89700623
999 149495645
999 89699519
999 89703145
999 209292157
999 149493711
999 209296481
999 209296433
999 209295789
999 59797372
999 89702365
999 89695684
999 89702258
999 209288067
999 80510525
999 209285838
999 89698564
999 89698001
999 119594221
999 89701669
999 149496703
999 89695927
999 89698679
999 149497010
999 89700485
999 149500424
999 89692241
999 269099864
999 89724325
999 89666925
999 209294975
999 59800291
999 149495954
999 349596832
999 89696226
999 179398204
999 89693886
999 89700916
999 209292838
999 388693491
999 149496311
999 209297439
999 89700362
999 89692282
999 149499849
999 149495149
999 170198927
999 89695335
999 89697857
999 149499791
999 269092226
999 89697633
999 149499139
999 149496536
999 89700824
999 89693029
999 149500669
999 59794662
999 89698001
999 149501491
999 448488084
999 89698131
999 563492176
999 388692015
999 89693403
999 209297302
999 89694334
999 149500414
999 89695515
999 89698526
999 328895051
999 89694915
999 59803348
999 319693065
999 149492933
999 269098762
999 328922233
999 149464484
999 89700117
999 209297721
999 149494837
999 59797700
999 149499295
999 269093054
999 149496688
999 149500705
999 80501326
999 89691369
999 209295672
999 89698417
999 59802871
999 89692583
999 149496115
999 89700198
999 209294708
999 209295573
999 149500303
999 89700274
999 89693826
999 89696242
999 147198162
999 386393353
999 229995137
999 209293706
999 89698068
999 89697472
999 209298643
999 149495251
999 149497951
999 149498536
999 149492709
999 149497953
999 59800063
999 149494884
999 149501913
999 328889558
999 89695375
999 105801231
999 89698852
999 149491799
999 149498986
999 89698220
999 89700717
999 89695410
999 89698133
999 89697290
999 149497466
999 209297294
999 89698921
999 89698670
999 179394310
999 89698806
999 89695015
999 149498858
999 209294923
999 89700592
999 89694635
999 78210914
999 209284617
999 149500717
999 328892065
999 89700523
999 89696815
999 89696636
999 89698265
999 149495109
999 59801474
999 209293326
999 209296019
999 87402539
999 89693907
999 89696477
999 89699339
999 89697403
999 140295639
999 89699908
999 89699149
999 89696654
999 89697792
999 89701265
999 149493832
999 89702488
999 89696196
999 209294407
999 119595319
999 149500203
999 209324205
999 89668538
999 89701624
999 149496581
999 89691988
999 149499634
999 89700431
999 202397393
999 239190944
999 149500504
999 209293510
999 388689432
999 89701292
999 206996928
999 209293449
999 149495967
999 149500427
999 89691775
999 89701775
999 89697558
999 89696121
999 209301884
999 59795894
999 89699124
999 209295452
999 149493020
999 149497646
999 747484670
999 149494959
999 269098133
999 89698135
999 149495858
999 89694836
999 266800314
999 89697647
999 89696579
999 119598597
999 269091446
999 87399782
999 89698386
999 89697025
999 149496324
999 89697479
999 568094779
999 89692899
999 269097520
999 319725370
999 89662681
999 149498693
999 89695216
999 149500600
999 89696537
999 119597817
999 149496324
999 89695962
999 89701250
999 89698340
999 209293039
999 209301290
999 89693132
999 209296080
999 89699812
999 89696853
999 140300629
999 147191197
999 149499410
999 89702352
999 149491728
999 119603233
999 209289483
999 149497315
999 269099034
999 326593253
999 89695837
999 89698089
999 89696418
999 89697898
999 89700665
999 170194787
999 89697827
999 89701740
999 89692569
999 89698206
999 149499954
999 209297497
999 89695950
999 89697731
999 89697583
999 149494374
999 299001679
999 89694269
999 89695938
999 89699105
999 149498589
999 209290612
999 227698967
999 89725383
999 149467256
999 149498842
999 89698586
999 89696046
999 149497733
999 89696830
999 89699067
999 89698733
999 269095147
999 89695988
999 89698039
999 119598984
999 149498066
999 89700709
999 89695375
999 149500295
999 89691810
999 149504552
999 140294687
999 89695492
999 89697087
999 149500050
999 328888995
999 209300521
999 149493893
999 328890892
999 209299611
999 89697334
999 119599124
999 89692046
999 89700847
999 89700761
999 89696119
999 80498382
999 149500592
999 89694294
999 89697943
999 89702267
999 149491927
999 89697085
999 89701165
999 89696017
999 209296201
999 209298231
999 89697698
999 59795876
999 89700289
999 209295034
999 209296466
999 89697522
999 89695904
999 200101085
999 149494756
999 89694725
999 89700335
999 149499448
999 149500201
999 89693928
999 269093238
999 149495770
999 89698243
999 89702267
999 59795887
999 149495465
999 149496213
999 89703222
999 89692373
999 89699089
999 89703082
999 89693876
999 144908184
999 269085416
999 149494474
999 119596828
999 149502476
999 89692462
999 328892416
999 89701118
999 89700023
999 89697204
999 149496477
999 149493468
999 388696732
999 209297390
999 87396560
999 89691848
999 89701165
999 59798936
999 209293445
999 89699340
999 89700224
999 209293664
999 448493280
999 89696912
999 89696702
999 89697012
999 89704148
999 209296807
999 89693002
999 89699222
999 266796646
999 59795270
999 209294976
999 209295781
999 89700186
999 149497391
999 89693832
999 89699703
999 89698261
999 89699611
999 89694967
999 89700397
999 89700268
999 269096013
999 239192866
999 89695385
999 149497409
999 259900063
999 206994079
999 149494254
999 89696297
999 149501018
999 119596885
999 89697702
999 149497071
999 149494541
999 269093970
999 269099640
999 149494231
999 328891220
999 80507895
999 59793844
999 89698168
999 89695429
999 89696542
999 149499446
999 89695835
999 89704726
999 209290819
999 269093029
999 89698662
999 89699458
999 89692736
999 89700824
999 119599743
999 328892717
999 149495151
999 89697127
999 89702036
999 439289240
999 269093945
999 149497334
999 149500113
999 149494557
999 209296127
999 89696015
999 89696768
999 89699068
999 149498564
999 89696437
999 209293960
999 59804602
999 89691417
999 253000885
999 149494052
999 89698683
999 209293867
999 59796744
999 149497443
999 89702250
999 149492458
999 149500573
999 209294821
999 209293719
999 209302980
999 149492665
999 89699603
999 377192164
999 89694775
999 89698197
999 89698580
999 149494965
999 89698806
999 59798653
999 386392345
999 89697378
999 89699214
999 89702961
999 149494181
999 87400989
999 89694666
999 209293387
999 89695929
999 149501303
999 170194551
999 149499971
999 89696410
999 209297635
999 149493399
999 89700705
999 89697133
999 269091172
999 149500784
999 269091110
999 388694326
999 59798451
999 149496718
999 89701867
999 144893366
999 89697918
999 149496772
999 89698614
999 149496803
999 209301518
999 89690907
999 209299952
999 269091889
999 149498112
999 89698352
999 89700343
999 59793150
999 209302407
999 89691731
999 89699043
999 319698434
999 149492765
999 149498597
999 89701271
999 149491538
999 89696611
999 149499496
999 89695647
999 89700027
999 89699230
999 89695220
999 298998183
999 89728697
999 266761221
999 89696506
999 149498969
999 259895665
999 149496337
999 149495802
999 418591298
999 149495732
999 89697727
999 89700949
999 149494108
999 328895624
999 149495471
999 89702298
999 89692868
999 89701401
999 209295680
999 229998877
999 89696788
999 89694225
999 89694869
999 149500138
999 89697727
999 149495021
999 89701767
999 89695601
999 149496560
999 149498463
999 179401083
999 89690908
999 149498480
999 89701290
999 89693824
999 149496550
999 149498459
999 140295586
999 209301154
999 89695990
999 89695778
999 89701775
999 89694835
999 149497004
999 89696801
999 89703498
999 149491481
999 59798196
999 89700786
999 89697077
999 89698239
999 89698576
999 89695398
999 89698685
999 448491268
999 149500583
999 87426651
999 209267589
999 89695881
999 89697581
999 448491517
999 59797127
999 89699377
999 89693855
999 149501336
999 568092546
999 89693637
999 149494400
999 149501658
999 259894827
999 89695402
999 89697274
999 149499787
999 89693934
999 149499542
999 89695987
999 89700217
999 149495239
999 179400698
999 149491950
999 209299435
999 209297604
999 89697627
999 89695199
999 89695906
999 149495731
999 80501372
999 149494846
999 89698499
999 89700933
999 209291616
999 89697019
999 149499879
999 89695151
999 89698956
999 119602963
999 89698031
999 89691764
999 388696199
999 269098357
999 209292937
999 89725522
999 140271898
999 89694265
999 89696393
999 149500213
999 149497531
999 89693192
999 89700207
999 149494800
999 89697106
999 388697161
999 179400011
999 206994616
999 209291686
999 89698727
999 209292513
999 138006603
999 266789688
999 209293079
999 149498369
999 149495975
999 89696872
999 89699724
999 147200362
999 269088596
999 209295553
999 149502407
999 149490904
999 119600077
999 200103126
999 147188763
999 209294846
999 149498162
999 149504552
999 149487197
999 89699598
999 59800343
999 89696585
999 149495394
999 328893052
999 149497077
999 209301748
999 209290704
999 200103280
999 89691377
999 119597066
999 89701401
999 89695931
999 209295162
999 149497332
999 209296239
999 89695494
999 89699408
999 89705054
999 89695022
999 89692613
999 209295584
999 149499322
999 119604163
999 89694011
999 149492830
999 89699649
999 103495620
999 89701790
999 89695394
999 89696991
999 89700282
999 149496753
999 89702262
999 89692098
999 328893589
999 89699055
999 89700450
999 269092357
999 209293228
999 59800586
999 149500404
999 89693579
999 89700090
999 149495409
999 439293399
999 89696044
999 209299897
999 89692623
999 59799379
999 89701570
999 89695312
999 89698288
999 149497710
999 149494697
999 89699118
999 89699147
999 89695235
999 89697717
999 89700629
999 89697528
999 328892454
999 64410017
999 89694317
999 209294411
999 149490861
999 89699034
999 149498233
999 448494695
999 89692876
999 269095668
999 209297796
999 328888584
999 149497953
999 89696765
999 140305110
999 209293299
999 149494800
999 89695973
999 119601951
999 89692199
999 89701729
999 149499314
999 89695996
999 89696320
999 209296433
999 209297727
999 89697296
999 149494783
999 89700209
999 328894783
999 319691198
999 269093127
999 269098323
999 89693171
999 89700765
999 119600355
999 269094386
999 89691635
999 149498079
999 149501416
999 209292603
999 89704274
999 89693223
999 319695751
999 328893012
999 149492115
999 149499107
999 89695775
999 149496299
999 89698346
999 269095764
999 149495306
999 59799448
999 149503375
999 149493719
999 443893972
999 89690311
999 89703950
999 627885035
999 89695078
999 89703574
999 89693506
999 89697019
999 149502666
999 149491979
999 149497309
999 149501526
999 179397633
999 89694704
999 206995178
999 89703427
999 89690724
999 89701056
999 89696349
999 209295266
999 209294469
999 89697658
999 89699483
999 89697637
999 89698449
999 117298162
999 149496939
999 269094802
999 89701376
999 89693363
999 209295168
999 89701748
999 89694171
999 89703469
999 209294940
999 89693640
999 89699434
999 89698392
999 59803042
999 149495484
999 89698131
999 89693064
999 209295262
999 209298284
999 149498499
999 209294417
999 149500090
999 89691894
999 149496927
999 89700688
999 89700188
999 87398839
999 119597313
999 89693355
999 89698028
999 89701338
999 89695703
999 149496718
999 89703063
999 89694453
999 269093781
999 149501871
999 87398116
999 269090702
999 59833480
999 266761005
999 89695632
999 89701918
999 149505970
999 89689774
999 89692356
999 149499697
999 209296341
999 89696205
999 89698936
999 149497891
999 239193803
999 149499118
999 89695322
999 209294158
999 149500583
999 209296989
999 89692882
999 89700224
999 147196157
999 209301079
999 89694888
999 89694837
999 89700052
999 149497278
999 59799588
999 89695858
999 89695799
999 209301185
999 209293391
999 89695998
999 209296765
999 89698444
999 328896586
999 149494568
999 87396932
999 89696958
999 209304922
999 269089677
999 59795166
999 89697870
999 149497725
999 147196778
999 89697838
999 89695457
999 149504245
999 89695369
999 89698124
999 89696213
999 89697039
999 89697796
999 328902001
999 89691918
999 59800640
999 89694004
