999 319114666
999 149238283
999 328889276
999 448492695
999 209289523
999 388691883
999 269099011
999 269115790
999 149472845
999 29904899
999 149493901
999 209291135
999 687692157
999 269095634
999 568088981
999 29896994
999 29896841
999 29901134
999 149492147
999 29903923
999 269089479
999 29904288
999 269089585
999 328922822
999 448479581
999 209307672
999 349569226
999 29897020
999 388688460
999 89697888
999 89696834
999 747487114
999 89695517
999 209301305
999 149490993
999 149497169
999 236897980
999 29901635
999 89693298
999 149502591
999 926897140
999 269075652
999 328896128
999 678483835
999 508290133
999 508285953
999 269095206
999 915423640
999 89681768
999 29878096
999 388688052
999 149519490
999 269067110
999 627895623
999 149493573
999 768185755
999 149491846
999 296714405
999 448476137
999 926879212
999 52898612
999 926880143
999 29899703
999 149496559
999 867095327
999 1336261985
999 627888847
999 29901556
999 89687429
999 209301016
999 149491009
999 200103808
999 747506450
999 89685515
999 565775890
999 89697830
999 89694170
999 1483470209
999 328894171
999 29904799
999 867089882
999 351881393
999 388694459
999 448485702
999 926880994
999 149497792
999 89696872
999 296728823
999 926864727
999 89683244
999 209293533
999 209293100
999 388692611
999 89697606
999 236895356
999 321993725
999 269099237
999 149496268
999 29897332
999 89694227
999 1046482882
999 149494127
999 269111481
999 80482612
999 209298271
999 149496029
999 89698810
999 29901704
999 328890553
999 416294848
999 508280293
999 388694823
999 170198622
999 1764119824
999 149436609
999 850987904
999 89694561
999 269093441
999 627887131
999 328893606
999 828002438
999 29884431
999 1225870474
999 508288445
999 469193562
999 807298208
999 89683521
999 89694319
999 209299266
999 149493075
999 706087068
999 508294806
999 269088828
999 29901731
999 89691852
999 508293412
999 149498597
999 29899137
999 29899674
999 269094281
999 89697355
999 618699394
999 149482317
999 269094469
999 269093719
999 747488293
999 89698413
999 558886480
999 89697248
999 209296937
999 269096872
999 89692755
999 89697840
999 29906727
999 89691239
999 29952568
999 625535611
999 508287177
999 89700991
999 287500155
999 29895465
999 89694837
999 149495720
999 926887107
999 269088094
999 1306394465
999 149476569
999 448498409
999 149490733
999 89693445
999 269098053
999 568091256
999 149494051
999 149494630
999 209298806
999 236890467
999 269112859
999 149488460
999 807282037
999 29897248
999 29899347
999 687683120
999 1106277305
999 149493945
999 29930240
999 508282810
999 177074794
999 29901457
999 209321933
999 89667822
999 627887436
999 89700563
999 29900429
999 747484665
999 89693846
999 209296190
999 954484858
999 209308475
999 29885508
999 328889520
999 209298377
999 149494072
999 269093719
999 499100123
999 209287277
999 508291344
999 747491718
999 328888000
999 230008376
999 209279120
999 1046482457
999 747479210
999 89696458
999 29904134
999 170195584
999 269092793
999 89694246
999 209299044
999 209294401
999 687703197
999 947566828
999 29901140
999 269090777
999 89695914
999 388692473
999 29903584
999 29925900
999 209265597
999 209297980
999 29900297
999 209292364
999 328892960
999 473809898
999 568069941
999 149496748
999 149494827
999 328893790
999 834883380
999 979786025
999 715293251
999 236884971
999 29898857
999 328890045
999 227698668
999 269095295
999 627881479
999 388694497
999 448488343
999 448491787
999 409403649
999 209285910
999 807281682
999 209293249
999 209303436
999 89689742
999 89700280
999 795784387
999 595685811
999 715295454
999 1184471929
999 269088111
999 627889625
999 149492939
999 149498030
999 549704849
999 328878595
999 149497656
999 149494259
999 29901677
999 89695442
999 149500941
999 508290641
999 29897821
999 149494624
999 149496357
999 328900558
999 259885947
999 448495651
999 29901564
999 209288084
999 568101833
999 149486629
999 827984306
999 328890917
999 508289686
999 269092180
999 1425990045
999 209279860
999 627883973
999 149495810
999 29906150
999 448514141
999 209266300
999 377201566
999 149490610
999 29899753
999 209291707
999 269094764
999 269100481
999 747491469
999 588779890
999 448485974
999 29902273
999 149497819
999 149491647
999 29904644
999 209293434
999 209294233
999 508288818
999 448491732
999 469213518
999 29883557
999 89691904
999 328892391
999 508293091
999 508286010
999 1665165375
999 29901925
999 448499764
999 89685178
999 29934410
999 269062027
999 413989842
999 448490457
999 807282662
999 977486137
999 508296424
999 328881437
999 627886279
999 1515673686
999 149518952
999 747471534
999 209282198
999 588788889
999 89695274
999 448493681
999 29926285
999 568063934
999 747484013
999 149492513
999 669298219
999 89685844
999 328893658
999 149498998
999 448488092
999 1184477968
999 149494110
999 627886328
999 1741079465
999 269081341
999 505990984
999 29900247
999 328891900
999 269089746
999 618702965
999 747472335
999 209293104
999 508294725
999 269094124
999 29898697
999 110394574
999 986679467
999 388691375
999 508312882
999 528968202
999 508288331
999 149495356
999 747487053
999 894681441
999 269143327
999 29855689
999 89688519
999 388697823
999 269090465
999 269093968
999 917716847
999 867049693
999 326593800
999 29899891
999 29901020
999 745195339
999 319678947
999 149495967
999 209295448
999 209325785
999 627860151
999 508289429
999 588787072
999 448501999
999 29892042
999 209291994
999 209292171
999 1570868565
999 149496962
999 269098647
999 388685949
999 29902823
999 149493204
999 89698007
999 627900232
999 149485113
999 89698823
999 140299847
999 388689188
999 867079037
999 328896243
999 768188732
999 89693052
999 209295149
999 29906728
999 448496753
999 29892964
999 149488607
999 29903799
999 149492870
999 807286915
999 209292374
999 547391699
999 149500276
999 627881048
999 89698380
999 149500082
999 1333983769
999 416279156
999 29905672
999 807277993
999 149498921
999 89693702
999 29901135
999 310493813
999 209292653
999 29902323
999 1253483904
999 29891628
999 209294580
999 269093790
999 209294110
999 588787770
999 29907444
999 388679716
999 867097244
999 887779984
999 328884766
999 269092015
999 807283325
999 29905041
999 611784445
999 89694714
999 29904123
999 448499893
999 269083258
999 29899306
999 149493027
999 29906948
999 149491191
999 117295601
999 947585326
999 209290491
999 627886840
999 448491695
999 687705692
999 425475102
999 269091099
999 747484322
999 89695883
999 29904401
999 807280588
999 29902808
999 466888655
999 568099046
999 687684172
999 448479771
999 29901995
999 149494139
999 708387283
999 29901901
999 209293338
999 89694300
999 89699799
999 388694578
999 747496855
999 551975348
999 269098875
999 269087829
999 269095084
999 89700987
999 177092343
999 388697144
999 89693204
999 347294875
999 986692121
999 209288563
999 29896605
999 29898072
999 89693949
999 209297796
999 568087429
999 170226151
999 448462855
999 328891356
999 1285715644
999 591047940
999 209292958
999 328896276
999 29899385
999 926884420
999 379489495
999 568090415
999 149521009
999 269080066
999 627871986
999 29902682
999 89692807
999 209300525
999 1037281079
999 1253511227
999 29859992
999 269090346
999 724490917
999 328892870
999 149490317
999 29904644
999 149496770
999 89695074
999 209292606
999 448493125
999 259895925
999 89696659
999 867093827
999 508278140
999 827985203
999 209295262
999 89695097
999 326600838
999 89688686
999 747490641
999 89694129
999 269094457
999 1363884816
999 687677479
999 984376586
999 388693311
999 296710822
999 807265402
999 29929817
999 328864302
999 149505382
999 209285612
999 29900288
999 328892722
999 29926708
999 149467273
999 89695749
999 209297236
999 89698992
999 29902342
999 29925752
999 29879762
999 29891423
999 149495147
999 149496851
999 29909179
999 149486156
999 747495511
999 568078359
999 89694965
999 568090742
999 209296582
999 89697188
999 89699864
999 388692015
999 29901401
999 595687775
999 269091555
999 1285686863
999 259879451
999 448493065
999 388694275
999 416287490
999 29902509
999 568083097
999 388708126
999 29889088
999 1007378276
999 29899927
999 508285568
999 568088615
999 89700328
999 305893338
999 29903988
999 149488389
999 269093742
999 209301675
999 568107981
999 269073799
999 568085727
999 29905616
999 1186770202
999 89696322
999 89697403
999 29903579
999 89694681
999 209293859
999 708404205
999 807272745
999 805004993
999 209298551
999 409362395
999 687685989
999 269124545
999 89678703
999 209283411
999 29905972
999 269090058
999 149493455
999 29903642
999 89697037
999 89698766
999 236892462
999 29902637
999 269092218
999 149496382
999 687686723
999 29926720
999 747456529
999 149495797
999 89697194
999 147273498
999 321920524
999 89696822
999 388694165
999 388687361
999 862482675
999 269094166
999 200096849
999 296693966
999 448490423
999 149499287
999 29903314
999 149506112
999 388680749
999 89692080
999 149506072
999 947574725
999 687683467
999 29903304
999 29897932
999 1968775106
999 89678951
999 388694676
999 269092874
999 388694674
999 1874477088
999 89682800
999 209291848
999 388692617
999 556587758
999 89699105
999 388691030
999 269099233
999 89690746
999 149500272
999 328890589
999 328896180
999 170218837
999 894660268
999 568087584
999 149494394
999 29904094
999 29899043
999 448487365
999 172496621
999 508289211
999 29910068
999 89688538
999 568102545
999 448477667
999 269094631
999 149493017
999 236897537
999 388700539
999 209288431
999 568088531
999 747483095
999 89697022
999 1044197871
999 89679064
999 89697759
999 209297152
999 388690202
999 89697974
999 388691952
999 476093713
999 89694672
999 89697685
999 388693422
999 29904725
999 29896280
999 149491655
999 29905495
999 89692446
999 1396089742
999 29887308
999 1522565295
999 388691990
999 149494006
999 110419448
999 1343153574
999 29901366
999 1085580400
999 328890672
999 807297037
999 29885625
999 269089763
999 706089926
999 149494649
999 29900334
999 446193698
999 269088226
999 687685242
999 209324058
999 388664438
999 50603711
999 1046488337
999 448480503
999 853283779
999 747480443
999 508304483
999 89680571
999 149496872
999 209297146
999 89700226
999 708385853
999 328889566
999 328897284
999 89693357
999 149497502
999 1106277644
999 230012945
999 627869785
999 89697071
999 209295714
999 209295684
999 508289424
999 29902452
999 269092262
999 289793631
999 149498145
999 29904209
999 29895751
999 149492826
999 29903623
999 89692876
999 328896339
999 29905322
999 508293715
999 89685652
999 269096008
999 29902517
999 29899586
999 209291201
999 257598095
999 89694959
999 29903630
999 508288527
999 986679252
999 328893951
999 29903795
999 29894538
999 439305093
999 508274890
999 29901129
999 89691452
999 1106284299
999 29897784
999 89694137
999 482992793
999 209296768
999 388688237
999 149498593
999 89695465
999 506003061
999 29890735
999 735988048
999 149492163
999 29900642
999 747481815
999 89696171
999 89698572
999 328894670
999 269095801
999 786586957
999 926889443
999 29889759
999 89693928
999 448494599
999 149493552
999 1216678913
999 89692634
999 149500883
999 209297673
999 89696937
999 269102160
999 149484473
999 1018884268
999 29926791
999 29873187
999 448484586
999 149495231
999 655522268
999 89665774
999 328891047
999 1246590905
999 388677172
999 89697259
999 568088186
999 588789468
999 29904654
999 926876565
999 1630679768
999 1106263658
999 1575479244
999 209283269
999 747482279
999 29930883
999 588757358
999 209293819
999 149497752
999 568091197
999 89693303
999 209310317
999 708376678
999 269091388
999 627886572
999 328899358
999 209288751
999 149495639
999 568093562
999 138001932
999 149487992
999 89698434
999 29929234
999 149479362
999 209282917
999 448492843
999 1014277481
999 170195168
999 29904918
999 89691649
999 89699440
999 89699017
999 209294034
999 29902338
999 209295676
999 747486415
999 993589673
999 508277104
999 29904882
999 269087252
999 209299691
999 269093058
999 328889872
999 29906329
999 29899117
999 29895402
999 1067192872
999 29886047
999 89693499
999 209295870
999 89700943
999 29899232
999 328892333
999 807283143
999 170197100
999 627889290
999 89695214
999 328895074
999 328891237
999 89728982
999 209274954
999 448478660
999 1007385660
999 508283703
999 388691141
999 89697662
999 209296771
999 89697039
999 473792711
999 89717141
999 269078949
999 747482060
999 29900226
999 149492356
999 209297181
999 917686963
999 807284266
999 29895390
999 149492682
999 89697980
999 448507429
999 439278021
999 89695726
999 29904686
999 1046476643
999 328891135
999 89704767
999 1126981857
999 89686863
999 29899724
999 687681909
999 149496092
999 328895358
999 209292318
999 250704797
999 1285671382
999 29897357
999 269092366
999 328902522
999 588779338
999 149496027
999 29902224
999 508286478
999 29903170
999 29897487
999 29898333
999 149497370
999 747483593
999 482989615
999 149496958
999 508299588
999 986673932
999 149491164
999 648613717
999 89670493
999 508317714
999 89695836
999 29905352
999 687654294
999 29928748
999 568101212
999 648546503
999 388692468
999 687683551
999 209295446
999 269097119
999 190899481
999 29897405
999 328889614
999 29901244
999 687705039
999 29880881
999 269091199
999 568085987
999 439292987
999 687691333
999 29899634
999 568084956
999 388733697
999 29858322
999 89694296
999 1738765571
999 269093309
999 29903464
999 29897851
999 269090112
999 1246588644
999 328884145
999 1126977034
999 508285786
999 209295649
999 328893113
999 269093029
999 209295362
999 508302787
999 149488084
999 229998285
999 328889738
999 29899356
999 29898557
999 328893514
999 508287795
999 627886139
999 377193558
999 29904713
999 687691668
999 209284207
999 328892857
999 947583703
999 807283463
999 149494973
999 29900073
999 29924412
999 29874608
999 508287520
999 961394144
999 687674468
999 568084132
999 29903328
999 568085192
